-15
-17
-19
-20
-18
-18
-17
-20
-22
-24
-21
-21
-21
-25
-24
-25
-25
-24
-24
-21
-22
-22
-23
-18
-17
-15
-16
-14
-11
-7
-5
-4
-3
-4
-2
3
6
5
5
4
5
8
9
7
8
7
8
11
12
8
8
6
8
13
13
11
9
9
7
10
10
11
8
5
6
8
8
6
4
3
2
3
6
3
1
2
1
4
6
5
5
3
3
3
5
2
-1
-3
-1
1
1
1
-2
-3
-3
-2
1
0
-3
-3
-4
-3
-3
-2
-3
-3
-1
-1
1
2
0
3
4
9
11
11
10
11
10
16
17
20
21
19
22
26
27
23
21
18
18
24
27
26
25
28
32
34
26
18
13
10
5
8
2
-1
-2
-4
-2
-2
-1
-2
-3
-7
-5
-3
-4
-4
-5
-10
-6
-4
-3
-4
-7
-8
-5
-5
-6
-6
-11
-14
-23
-28
-34
-42
-47
-41
-15
25
60
106
166
225
264
276
246
171
71
-8
-41
-36
-19
-12
-15
-20
-18
-16
-15
-15
-17
-20
-17
-19
-19
-19
-23
-23
-23
-18
-18
-18
-19
-20
-19
-17
-16
-17
-18
-21
-21
-18
-16
-17
-17
-19
-20
-18
-20
-19
-22
-21
-20
-21
-16
-19
-20
-21
-19
-15
-17
-19
-17
-20
-18
-18
-14
-17
-14
-19
-18
-16
-16
-17
-18
-21
-20
-19
-16
-19
-19
-23
-21
-19
-18
-20
-22
-22
-22
-19
-17
-18
-18
-19
-17
-17
-15
-16
-16
-17
-16
-14
-8
-7
-7
-5
-1
1
3
2
4
4
8
9
12
11
10
11
11
14
13
13
12
10
11
12
12
13
12
11
12
11
13
10
6
7
11
11
12
11
10
8
10
13
12
8
10
7
7
8
8
5
6
2
5
7
6
3
0
-2
-1
2
0
1
1
-3
0
-1
3
2
0
-2
2
4
4
2
-1
0
-2
3
3
3
1
0
4
4
5
4
1
0
3
9
10
11
9
10
13
18
19
20
22
22
26
27
32
31
32
27
24
25
26
27
25
24
24
26
34
35
32
22
20
17
17
14
10
5
6
5
5
1
1
1
-1
1
3
2
-1
-4
-4
-3
-1
-3
-6
-7
-4
-5
-1
-1
-1
-5
-6
-12
-19
-26
-35
-45
-46
-29
-3
22
42
64
101
147
200
240
265
276
263
210
125
40
-17
-35
-24
-9
-2
-6
-11
-12
-11
-11
-10
-13
-14
-15
-13
-12
-10
-12
-14
-17
-16
-13
-8
-10
-11
-11
-10
-10
-9
-10
-13
-17
-16
-13
-11
-13
-18
-18
-16
-13
-14
-15
-15
-18
-20
-15
-18
-18
-16
-16
-16
-13
-12
-14
-15
-17
-16
-14
-14
-15
-18
-17
-16
-16
-15
-16
-20
-19
-21
-20
-18
-19
-20
-22
-20
-21
-21
-19
-19
-20
-18
-19
-21
-20
-22
-21
-16
-14
-13
-13
-13
-12
-9
-3
-2
-3
-1
-1
2
5
4
4
4
0
3
6
10
10
10
7
6
6
8
8
6
4
6
9
12
11
7
5
5
5
4
5
0
-2
2
2
8
5
1
1
2
2
3
2
1
0
-1
0
0
-3
-7
-8
-6
-3
-4
-3
-2
-8
-8
-8
-8
-5
-6
-7
-6
-4
-4
-4
-8
-11
-9
-5
-6
-6
-7
-8
-6
-4
-3
-4
-7
-6
-7
-8
-3
-5
-6
-8
-6
-3
0
0
1
3
4
10
11
13
10
10
13
15
20
19
17
15
17
16
18
14
12
11
17
17
18
16
16
19
22
24
21
14
10
5
3
-1
-2
-2
-7
-9
-9
-8
-8
-9
-12
-14
-13
-13
-10
-10
-9
-12
-12
-12
-9
-10
-11
-13
-12
-10
-8
-8
-10
-13
-16
-22
-26
-34
-39
-48
-55
-52
-36
-7
22
58
106
160
210
244
251
222
154
69
1
-36
-45
-42
-33
-24
-23
-26
-23
-27
-24
-24
-24
-25
-29
-29
-27
-27
-23
-24
-25
-23
-25
-23
-24
-23
-27
-29
-26
-24
-25
-25
-27
-29
-28
-26
-27
-27
-30
-33
-29
-31
-28
-28
-30
-32
-29
-27
-24
-26
-28
-29
-28
-26
-26
-28
-29
-31
-30
-30
-27
-29
-29
-32
-29
-27
-26
-27
-28
-33
-33
-28
-28
-29
-32
-32
-33
-30
-32
-35
-37
-38
-37
-33
-36
-37
-38
-40
-40
-38
-34
-36
-35
-34
-28
-23
-19
-20
-16
-16
-12
-7
-3
-3
-2
-4
-1
0
4
5
4
4
5
6
9
9
10
7
9
12
12
8
7
7
7
10
10
8
5
5
4
7
7
6
3
4
5
6
6
6
4
3
2
3
5
2
3
-1
3
5
6
3
1
1
2
-2
-1
-1
-3
-4
-4
-1
2
0
-2
-5
-2
-1
1
0
-2
-3
-2
0
0
-1
1
0
2
3
3
2
3
1
0
1
3
5
1
0
6
8
9
11
9
7
12
15
17
19
17
17
20
25
26
28
27
26
27
27
26
25
23
21
24
28
28
23
20
22
26
32
37
33
25
15
14
12
12
8
2
-3
-1
0
0
1
0
-4
-1
0
-1
-2
-2
-6
-7
-6
-5
-4
-5
-6
-8
-4
-2
-5
-7
-12
-14
-20
-25
-27
-37
-45
-42
-28
2
34
64
105
162
216
262
287
292
268
207
121
42
-14
-37